Transition T1a to T0 with couplings [0. 0.]
n=0   0.0 0.0 0.0
n=1   0.0 0.0 0.0
n=2   0.0 0.0 0.0
n=3   0.0 0.0 0.0
n=4   0.0 0.0 0.0
n=5   0.0 0.0 0.0
n=6   0.0 0.0 0.0
n=7   0.0 0.0 0.0
n=8   0.0 0.0 0.0
n=9   0.0 0.0 0.0
n=10   0.0 0.0 0.0
n=11   0.0 0.0 0.0
n=12   0.0 0.0 0.0
n=13   0.0 0.0 0.0
n=14   0.0 0.0 0.0
n=15   0.0 0.0 0.0
n=16   0.0 0.0 0.0
n=17   0.0 0.0 0.0
n=18   0.0 0.0 0.0
n=19   0.0 0.0 0.0
n=20   0.0 0.0 0.0
n=21   0.0 0.0 0.0
n=22   0.0 0.0 0.0
n=23   0.0 0.0 0.0
n=24   0.0 0.0 0.0
n=25   0.0 0.0 0.0
n=26   0.0 0.0 0.0
n=27   0.0 0.0 0.0
n=28   0.0 0.0 0.0
n=29   0.0 0.0 0.0
n=30   0.0 0.0 0.0
n=31   0.0 0.0 0.0
n=32   0.0 0.0 0.0
n=33   0.0 0.0 0.0
n=34   0.0 0.0 0.0
n=35   0.0 0.0 0.0
n=36   0.0 0.0 0.0
n=37   0.0 0.0 0.0
n=38   0.0 0.0 0.0
n=39   0.0 0.0 0.0
Total rate 0.0, 0.0 0.0 Hz
Transition T1b to T0 with couplings [8.34e-07 0.00e+00]
n=0   4.68197059527005e-226 5.864106763622501e-243 9.34408292360105e-210
n=1   6.690671199688487e-210 3.352696846484695e-226 3.337529201853855e-194
n=2   7.586998287555986e-198 1.521058773694893e-213 9.45959965623953e-183
n=3   4.186553305577706e-179 3.3580259356603127e-194 1.3046883378587353e-164
n=4   2.397394557368139e-164 7.693400603698765e-179 1.8673987102997448e-150
n=5   1.228390147713224e-150 1.5771266413342347e-164 2.391559820152082e-137
n=6   7.304969102131012e-138 3.7523214690284355e-151 3.554763330524831e-125
n=7   4.2412522675210646e-126 8.71619968155552e-139 5.1586230859633754e-114
n=8   2.3316989931552398e-116 1.9171538353368518e-128 7.088585173828684e-105
n=9   3.9313501956578784e-104 1.2932355079830839e-115 2.9872817984661472e-93
n=10   1.243258773081212e-93 1.636246884982112e-104 2.361257650739471e-83
n=11   1.2241806950302586e-84 6.445910009826269e-95 5.811319544281235e-75
n=12   6.931652900964148e-76 1.4602490435301032e-85 8.224574175874094e-67
n=13   8.760912670351881e-67 7.383986356231339e-76 2.598204615235706e-58
n=14   1.9263543220054465e-59 6.495747237225776e-68 1.4279320932182172e-51
n=15   9.511761533961791e-53 1.2832323829057796e-60 1.762299512209171e-45
n=16   2.3534939694389546e-45 1.2703074881030387e-52 1.0898814013331919e-38
n=17   6.561125691127545e-40 1.416855424613049e-46 7.5943724712743445e-34
n=18   1.0447348876871307e-34 9.026194522531475e-41 3.022504931008248e-29
n=19   2.3914002210792383e-29 8.266130691867067e-35 1.729261090833905e-24
n=20   4.5508149004415116e-26 6.293476068774411e-31 8.22516957619336e-22
n=21   5.147271184309556e-22 2.847933700350466e-26 2.3253060581622308e-18
n=22   8.182542227189621e-19 1.8113087772508745e-22 9.239292428415757e-16
n=23   1.4332213620413528e-18 1.2693135623372231e-21 4.0449309731057125e-16
n=24   6.8360119273346655e-15 2.4221992811010114e-17 4.822231306827456e-13
n=25   4.089726596575288e-14 5.797660045886167e-16 7.210857059257751e-13
n=26   3.040661924227406e-13 1.724558844081774e-14 1.3400102826679994e-12
n=27   1.7786511956225044e-12 4.036008588859793e-13 1.9591972752280458e-12
n=28   7.217533030464715e-13 6.552416338384539e-13 1.9871174808971987e-13
n=29   7.675385618583988e-14 2.7878173711570276e-13 5.281804864773147e-15
n=30   2.131318806907017e-15 3.0971621586733465e-14 3.665877511620798e-17
n=31   2.373154606250706e-18 1.379726389881784e-16 1.0202414159813034e-20
n=32   6.101479068674691e-20 1.4192322640798813e-17 6.556309199582137e-23
n=33   3.0063339098791844e-22 2.7977375816879854e-19 8.074374730265746e-26
n=34   1.189018767970681e-25 4.427003673217001e-22 7.981927516952408e-30
n=35   5.646886185539316e-30 8.411658223338638e-26 9.474918625994079e-35
n=36   2.4097094111004095e-35 1.4361131835529055e-30 1.0105981814824594e-40
n=37   8.071180012993888e-43 1.9244757375073108e-37 8.460543379102319e-49
n=38   3.083125698601224e-46 2.941155924888413e-40 8.077925407534648e-53
n=39   1.2118934563542574e-52 4.625329428409477e-46 7.936343052649246e-60
Total rate 2.9310938304380574e-12, 1.3865978744937313e-12 4.70787736497269e-12 Hz
