Transition T1a to S1 with couplings [6.37886427e-08 7.29013059e-08]
n=0   124.9903563028646 0.8580247327189946 4550.550580908201
n=1   3288.9812995631387 90.33223170382594 29929.733667403485
n=2   6693.792846892529 735.5490498652962 15225.365399782426
n=3   776.7858810956005 341.5063072327117 441.62208867528284
n=4   11.2810657946144 19.842919616174644 1.6030741257002397
n=5   2.397901940770486 16.87504327230555 0.08517044170837948
n=6   0.004473942741843954 0.12596849267773777 3.971932963881664e-05
n=7   3.4482435757374337e-06 0.0003884431630633635 7.651796868128906e-09
n=8   4.588879322624743e-09 2.068208020873687e-06 2.545224772179648e-12
n=9   2.2323271542518196e-14 4.025348244280603e-11 3.0947912108587155e-18
n=10   4.954877785525915e-18 3.5746752897844037e-14 1.7169611470297774e-22
n=11   2.2686791690183222e-23 6.548393516228194e-19 1.9649640640276923e-28
n=12   4.9018570701027524e-30 5.6608332914294595e-25 1.0611974085377948e-35
n=13   1.3908709708041729e-35 6.426353323520137e-30 7.526210969405832e-42
n=14   6.58743085965775e-44 1.217732400756315e-37 8.909629058446784e-51
n=15   1.605740120955521e-50 1.1875969827272891e-43 5.4284122261637915e-58
n=16   5.422825193895591e-59 1.6046394566607702e-51 4.582233059918767e-67
n=17   2.8837412731106644e-68 3.4140210156958156e-60 6.090625137600649e-77
n=18   3.1485401973562867e-77 1.4913417439385583e-68 1.6621446947204153e-86
n=19   2.257714544577413e-88 4.2785341019401046e-79 2.9790831446047075e-98
n=20   1.7618200298015632e-97 1.335812629645345e-87 5.810709242868843e-108
n=21   1.581668889798345e-108 4.79797090106218e-98 1.3038786740229717e-119
n=22   4.7627809222248616e-120 5.780437072194678e-109 9.813777856358202e-132
n=23   5.193488898858573e-132 2.5218387577708952e-120 2.674784719452261e-144
n=24   3.1754084790465637e-145 6.169013811869097e-133 4.087739710627177e-158
n=25   5.77360580963602e-158 4.487674063013008e-145 1.8577393116167976e-171
n=26   1.3276935514530638e-170 4.128859062024506e-157 1.0677989660583778e-184
n=27   1.6211869321610496e-184 2.0170810165290454e-170 3.2589579177749376e-199
n=28   1.9803490706120247e-199 9.858027644268219e-185 9.950420062955507e-215
n=29   1.7278898623590474e-215 3.441298732203002e-200 2.170049952116948e-231
n=30   1.5307010762522477e-231 1.2197048212925925e-215 4.805051756883498e-248
n=31   3.574134342091086e-247 1.1394447204811923e-230 2.804352244852872e-264
n=32   3.220766888091653e-264 4.108087789018869e-247 6.316478049653424e-282
n=33   2.3850940664805922e-282 1.2171496266040749e-264 1.169163635320066e-300
n=34   1.0156540792328339e-302 2.0737002180223692e-284 0.0
n=35   0.0 1.621188735311612e-300 0.0
n=36   0.0 0.0 0.0
n=37   0.0 0.0 0.0
n=38   0.0 0.0 0.0
n=39   0.0 0.0 0.0
Total rate 10898.233828985092, 1205.0899354271219 50148.96002106379 Hz
Transition T1a to S1 with couplings [0. 0.]
n=0   0.0 0.0 0.0
n=1   0.0 0.0 0.0
n=2   0.0 0.0 0.0
n=3   0.0 0.0 0.0
n=4   0.0 0.0 0.0
n=5   0.0 0.0 0.0
n=6   0.0 0.0 0.0
n=7   0.0 0.0 0.0
n=8   0.0 0.0 0.0
n=9   0.0 0.0 0.0
n=10   0.0 0.0 0.0
n=11   0.0 0.0 0.0
n=12   0.0 0.0 0.0
n=13   0.0 0.0 0.0
n=14   0.0 0.0 0.0
n=15   0.0 0.0 0.0
n=16   0.0 0.0 0.0
n=17   0.0 0.0 0.0
n=18   0.0 0.0 0.0
n=19   0.0 0.0 0.0
n=20   0.0 0.0 0.0
n=21   0.0 0.0 0.0
n=22   0.0 0.0 0.0
n=23   0.0 0.0 0.0
n=24   0.0 0.0 0.0
n=25   0.0 0.0 0.0
n=26   0.0 0.0 0.0
n=27   0.0 0.0 0.0
n=28   0.0 0.0 0.0
n=29   0.0 0.0 0.0
n=30   0.0 0.0 0.0
n=31   0.0 0.0 0.0
n=32   0.0 0.0 0.0
n=33   0.0 0.0 0.0
n=34   0.0 0.0 0.0
n=35   0.0 0.0 0.0
n=36   0.0 0.0 0.0
n=37   0.0 0.0 0.0
n=38   0.0 0.0 0.0
n=39   0.0 0.0 0.0
Total rate 0.0, 0.0 0.0 Hz
Transition T1b to S1 with couplings [5.46759794e-08 7.29013059e-08]
n=0   34.889768245620814 0.1698760323093019 1791.233808126308
n=1   1522.1545580841168 29.6509606623215 19532.368555586752
n=2   7588.705980654828 591.4169057663847 24339.174785912895
n=3   5949.405203001947 1855.0069833752084 4769.288965739608
n=4   840.2335119462798 1048.1368520918552 168.35346200746937
n=5   23.062730554348573 115.0998370822387 1.1549807412696154
n=6   0.12913081478890123 2.5783381051286085 0.0016163517352939698
n=7   0.00015251039562477647 0.012183032852635757 4.771417236158873e-07
n=8   3.893593099132792e-08 1.2443785693033823e-05 3.04467173719755e-11
n=9   2.1891391842713756e-12 2.799118767697249e-09 4.2786351224362965e-16
n=10   2.7503612075241463e-17 1.406966241865139e-13 1.3435801409058401e-21
n=11   7.806656328206928e-23 1.5977359095970677e-18 9.531930518052225e-28
n=12   5.0204848850026404e-29 4.1108496304982535e-24 1.5321575863195079e-34
n=13   6.918009522231991e-36 2.2662774351408943e-30 5.2769246439779544e-42
n=14   1.0326254106398171e-43 1.3533830062342527e-37 1.968722522435727e-50
n=15   9.617360385834187e-51 5.042893464669723e-44 4.5828913072000614e-58
n=16   2.3299351308227168e-57 4.887803349428149e-50 2.7750413666913775e-65
n=17   6.8136511351479185e-65 5.718679802018933e-57 2.0283714549402157e-73
n=18   4.041558044008638e-73 1.3570964023498135e-64 3.007172782168435e-82
n=19   5.1533911692667174e-82 6.923105975174589e-73 9.583952119563725e-92
n=20   1.3956378980546523e-91 7.501128695680539e-82 6.487333809852588e-102
n=21   7.806088547937228e-102 1.6785463109089815e-91 9.069198961899126e-113
n=22   8.670995768490953e-113 7.459587640592573e-102 2.5179459043793885e-124
n=23   1.7339020677944672e-124 5.967829444598724e-113 1.2584731398351613e-136
n=24   4.876713083686984e-137 6.715294065509271e-125 8.846847806598016e-150
n=25   4.028239671006306e-151 2.219213697830685e-138 1.8264955486374936e-164
n=26   1.3219268584374606e-163 2.9136490564291493e-150 1.498141061274828e-177
n=27   5.835926674764118e-177 5.146187820476011e-163 1.653092183535482e-191
n=28   2.1109648609172806e-191 7.447367789196724e-177 1.494549194499705e-206
n=29   8.341966956191432e-207 1.1774331394245702e-191 1.476181100746601e-222
n=30   1.2411121029136527e-223 7.008495398240728e-208 5.489390814758842e-240
n=31   1.6208913795324028e-239 3.6619607597100015e-223 1.7918803955863567e-256
n=32   7.530861965733065e-256 6.8069169683118535e-239 2.0808547099006934e-273
n=33   2.1546138998123734e-273 7.791502507641462e-256 1.4880190546391306e-291
n=34   4.069753679621691e-292 5.887973869624875e-274 0.0
n=35   0.0 5.849102267847435e-293 0.0
n=36   0.0 0.0 0.0
n=37   0.0 0.0 0.0
n=38   0.0 0.0 0.0
n=39   0.0 0.0 0.0
Total rate 15958.581035851264, 3642.071948594884 50601.576174943206 Hz
Transition T1b to S1 with couplings [2.8249256e-07 0.0000000e+00]
n=0   171.72815280719328 0.8361333050228296 8816.489434662108
n=1   3758.6286677783 73.21657986744964 48230.92373421305
n=2   122193.5095694024 9523.007943448503 391909.92439229693
n=3   194427.15511430943 60621.81313735959 155860.83883796202
n=4   40860.18352496559 50970.430870520984 8186.954289355132
n=5   1453.536705465562 7254.207718287491 72.79306748110378
n=6   9.782079079199596 195.31749473208984 0.12244389939221603
n=7   0.013260217937330506 1.0592698950245365 4.148571785038575e-05
n=8   3.7689288694355914e-06 0.0012045363228630796 2.9471880897966166e-09
n=9   2.309548206772119e-10 2.953078441482947e-07 4.513972499077963e-14
n=10   3.114122571849398e-15 1.5930508762398195e-11 1.5212813620396944e-19
n=11   9.378151298655647e-21 1.9193632287048635e-16 1.1450726509322186e-25
n=12   6.357376398324229e-27 5.205516800988383e-22 1.9401517385060178e-32
n=13   9.308548389969952e-34 3.0493963765606067e-28 7.10038172697481e-40
n=14   1.9311956260691263e-41 2.531070139380409e-35 3.6818659361829306e-48
n=15   5.0895251356998764e-49 2.6687086700938878e-42 2.425274666480333e-56
n=16   1.632401482263194e-55 3.424497672516798e-48 1.9442522585292386e-63
n=17   5.077418197663132e-63 4.26146398127106e-55 1.511508284274715e-71
n=18   2.986847425020446e-71 1.0029399183990511e-62 2.222401901248598e-80
n=19   3.821899160266639e-80 5.13436920347765e-71 7.10772719452e-90
n=20   1.0416379259028151e-89 5.5984866471380355e-80 4.841838233078306e-100
n=21   5.795225628703874e-100 1.2461496612815892e-89 6.732956452268393e-111
n=22   6.503419190138872e-111 5.594839013604476e-100 1.8885094805117574e-122
n=23   1.3019136880490644e-122 4.480990585441943e-111 9.449342250785619e-135
n=24   3.6982073267194005e-135 5.09247710250073e-123 6.708919884209498e-148
n=25   3.469743665854087e-149 1.9115304202594924e-136 1.5732607486615728e-162
n=26   9.512737223780371e-162 2.096695264130408e-148 1.0780794829230038e-175
n=27   4.268743235254962e-175 3.764227289044265e-161 1.2091697632587484e-189
n=28   1.5598513182474746e-189 5.50306955768294e-175 1.1043644422451703e-204
n=29   6.295691208328572e-205 8.886100248536958e-190 1.114075424498469e-220
n=30   9.710776780124733e-222 5.483625066347619e-206 4.295039000574375e-238
n=31   1.1502952461222453e-237 2.598777503891595e-221 1.271640732186046e-254
n=32   5.485526314912093e-254 4.958200312659912e-237 1.515707407811705e-271
n=33   1.6049340203022336e-271 5.8037532593996934e-254 1.1083992374950679e-289
n=34   3.072899468312683e-290 4.445760898013648e-272 0.0
n=35   0.0 3.98733945933125e-291 0.0
n=36   0.0 0.0 0.0
n=37   0.0 0.0 0.0
n=38   0.0 0.0 0.0
n=39   0.0 0.0 0.0
Total rate 362874.53707779484, 128639.8903522478 613078.0462413584 Hz
Transition S0a to T0 with couplings [9.97836624e-07 1.08440693e-06]
n=0   1.5591603363095795e-09 2.9530057543530986e-14 2.0580393886667582e-05
n=1   1.5098008444039959e-05 1.1440346303869962e-09 0.049810916553768896
n=2   0.017577488833257916 5.328712993685453e-06 14.49451422482411
n=3   3.275938526408342 0.003973262280549948 675.1877318597924
n=4   109.77080639174935 0.5326529509015993 5654.804807532754
n=5   704.0195099723773 13.667471257915523 9064.783237658638
n=6   898.1527174257735 69.75890498729085 2890.4461451713805
n=7   233.79034694641294 72.64772755395614 188.05428520169983
n=8   12.634349232671397 15.707039203922887 2.54010401472898
n=9   0.1434397273564457 0.7134390774457467 0.007207921357746143
n=10   0.00034473516735519604 0.006859919564930252 4.329803056466528e-06
n=11   1.7602906764052192e-07 1.4014054911765739e-05 5.525974888967313e-10
n=12   1.8978736948498562e-11 6.0449501597698885e-09 1.4891340346376888e-14
n=13   3.981972240767213e-16 5.074224035753057e-13 7.80920235113934e-20
n=14   3.06634706254564e-22 1.5632869791153308e-18 1.5030440952232962e-26
n=15   9.178635277990962e-26 1.8721537275504503e-21 1.1245285634426643e-30
n=16   4.111360414642563e-30 3.35501862799499e-25 1.258983078722603e-35
n=17   3.0799065726081257e-35 1.0055251100402626e-29 2.357294541217599e-41
n=18   5.041530180360829e-41 6.585120720451582e-35 9.6445205811233e-48
n=19   1.790921136170053e-47 9.358878809019408e-41 8.563212072930886e-55
n=20   1.365973990507025e-54 2.8558525682907646e-47 1.6324678338679946e-62
n=21   2.212495537429681e-62 1.8506391645586767e-54 6.608860288868532e-71
n=22   7.310559691884823e-71 2.446447863159e-62 5.458040577117092e-80
n=23   4.685763194522338e-80 6.273525476619812e-71 8.743965475909662e-90
n=24   5.129494259667426e-90 2.74758963435083e-80 2.392459587019881e-100
n=25   6.35376435729756e-101 1.3616152822346596e-90 7.407013417106209e-112
n=26   8.289551673478247e-114 7.107229640199626e-103 2.415377605067167e-125
n=27   2.6555777647621703e-123 9.109075894445534e-112 1.9339933691593732e-135
n=28   4.592992126254853e-135 6.303140526916222e-123 8.360526406836025e-148
n=29   8.226123206228221e-148 4.51650495021502e-135 3.742614508151275e-161
n=30   1.4836365400983234e-161 3.2589732336178864e-148 1.6871332041885938e-175
n=31   4.5381022720031694e-178 3.9881689100896e-164 1.28984669688136e-192
n=32   3.601396749722922e-190 1.2662405719898133e-175 2.5584489163704106e-205
n=33   6.19708341063467e-205 8.717231711300828e-190 1.1003607439673733e-220
n=34   8.384384805167083e-221 4.718548708862156e-205 3.721010656543759e-237
n=35   5.1222855117288044e-238 1.1533125402525658e-221 5.681924497997474e-255
n=36   7.271062798528839e-255 6.549786137663512e-238 2.0159118463335983e-272
n=37   1.0291398701923321e-271 3.708938394297509e-254 7.131649816194078e-290
n=38   6.817800545171669e-290 9.830271208267159e-272 0.0
n=39   0.0 1.1336347702492116e-290 0.0
Total rate 1961.8050457223653, 173.03808756323565 18490.367869412476 Hz
Transition S0a to T0 with couplings [2.73379897e-08 0.00000000e+00]
n=0   2.6241743864693266e-13 4.970112363178593e-18 3.463822240929537e-09
n=1   7.062865015908075e-10 5.351806629262642e-14 2.3301601747137e-06
n=2   1.0979020263872875e-05 3.3283507384366112e-09 0.009053373146694379
n=3   0.005700429574722484 6.913836028848919e-06 1.1748877715978234
n=4   0.3591608569024422 0.001742795708311496 18.502046282154012
n=5   3.6109373054456673 0.07010087240089406 46.49354669151771
n=6   6.5057560990180185 0.5052976100574927 20.936904462893757
n=7   2.2362980511659485 0.6949045316562398 1.7988143522724656
n=8   0.15236391571668634 0.18941901583950294 0.030632380574931412
n=9   0.0021089807848179896 0.010489627477695706 0.00010597738800904596
n=10   6.027597335313978e-06 0.00011994376206892249 7.570538731460985e-08
n=11   3.5923964636038366e-09 2.859984545767599e-07 1.1277394645769264e-11
n=12   4.4757396607724176e-13 1.4255755401897316e-10 3.511812338787502e-16
n=13   1.1160486864697658e-17 1.422179946906008e-14 2.188726967289568e-21
n=14   3.2976967992939275e-23 1.6812338467409768e-19 1.616445758067781e-27
n=15   4.652348372010568e-28 9.489331564800227e-24 5.699865473418165e-33
n=16   2.7487431529261227e-32 2.243073715648104e-27 8.417216610257863e-38
n=17   2.2022387230966786e-37 7.189849049549294e-32 1.6855463625371278e-43
n=18   3.5705222087539665e-43 4.663726872307544e-37 6.83046093065753e-50
n=19   1.2683715007226868e-49 6.6281730224387494e-43 6.064663556976785e-57
n=20   9.779918904279075e-57 2.0446953393375874e-49 1.1687926080603513e-64
n=21   1.572866562767196e-64 1.315622297283062e-56 4.698249189888655e-73
n=22   5.254788291526914e-73 1.758492663896778e-64 3.9232081985666877e-82
n=23   3.380408747777972e-82 4.525854064790273e-73 6.30808176981439e-92
n=24   3.7234804223193766e-92 1.9944648915030225e-82 1.7366773374723301e-102
n=25   4.827727846195986e-103 1.0345847979552985e-92 5.628009305985702e-114
n=26   3.4244243804922895e-116 2.9360056389448732e-105 9.977955726303476e-128
n=27   1.8123527852327774e-125 6.216673180223599e-114 1.3198929120916264e-137
n=28   3.205235321114865e-137 4.398668252735737e-125 5.834422051177158e-150
n=29   5.89410147023142e-150 3.236122022487404e-137 2.681621600111963e-163
n=30   1.0808307741994241e-163 2.3741654158457063e-150 1.2290783072381497e-177
n=31   6.181194612385923e-180 5.432149101710165e-166 1.7568562750895343e-194
n=32   2.418735076855089e-192 8.504201841811641e-178 1.7182805912298063e-207
n=33   4.3529903914039355e-207 6.1232072193535264e-192 7.7292161944251e-223
n=34   5.983972466540539e-223 3.36764905380543e-207 2.655701740065599e-239
n=35   3.840845032102545e-240 8.647887218601337e-224 4.26047931747362e-257
n=36   4.6964609501301675e-257 4.2305802713551644e-240 1.3021000543587865e-274
n=37   7.139864939981709e-274 2.5731506448241912e-256 4.947725567891466e-292
n=38   4.850740504235901e-292 6.994058333275107e-274 0.0
n=39   0.0 8.351380611710073e-293 0.0
Total rate 12.872342649525295, 1.472081600207665 88.94599370088608 Hz
Transition S0b to T0 with couplings [9.56829640e-07 1.08440693e-06]
n=0   2.439607626426456e-06 1.3993643078514761e-10 0.010632514078791837
n=1   0.009785567150965865 2.245653796958248e-06 10.659674674916017
n=2   5.4085583781547575 0.004965743877587806 1472.5886053522302
n=3   542.7398582653185 1.993611374939369 36934.61665027543
n=4   11022.688821758014 161.98780668587446 187487.09972855006
n=5   47977.89522413544 2820.8627865725575 203970.3308772008
n=6   46345.94152357481 10901.80654554006 49246.96637008358
n=7   10169.432552743534 9570.386431134471 2700.8872756243213
n=8   515.2797605655314 1940.089789306156 34.205409007717556
n=9   6.102929029723627 91.9312271109214 0.10125861619990506
n=10   0.017054091514882228 1.02777800335419 7.072357773412117e-05
n=11   1.1326367576283989e-05 0.0027309099081258828 1.1740004137862728e-08
n=12   1.7982612636732893e-09 1.7346645472986629e-06 4.658781609284975e-13
n=13   6.855795363214398e-14 2.6458581144359386e-10 4.439349874650116e-18
n=14   6.290382390670698e-19 9.712515928328466e-15 1.0180767978117497e-23
n=15   1.381803288970165e-24 8.535852682349202e-20 5.589740930630532e-30
n=16   6.993032064463632e-31 1.728272424329847e-25 7.070545842703119e-37
n=17   6.620505341764763e-38 6.546117752862784e-32 1.6730947177561586e-44
n=18   1.0779102505614378e-46 4.2640399676683914e-40 6.808539393984423e-54
n=19   1.462341069772428e-52 2.3143728931907343e-45 2.3086707195778307e-60
n=20   7.565434374429334e-60 4.79031990281589e-52 2.985308042099714e-68
n=21   5.568523194749175e-68 1.4106415560453885e-59 5.492085383310654e-77
n=22   8.080502418150489e-77 8.189568070794582e-68 1.9919460735954906e-86
n=23   2.4085403608928808e-86 9.766131164092301e-77 1.4840041165143532e-96
n=24   1.4367981737271746e-96 2.3308288429280947e-86 2.2126815240987328e-107
n=25   1.590645259594936e-107 1.032366596102998e-96 6.122636027119109e-119
n=26   2.673862351752696e-119 6.942975720789166e-108 2.5724451202021513e-131
n=27   2.6032122455204882e-132 2.704345471940105e-120 6.259773445933755e-145
n=28   9.262363620036403e-145 3.849642590097435e-132 5.566892415662009e-158
n=29   3.215555539086367e-157 5.346881892469325e-144 4.830465469660358e-171
n=30   7.323119754689386e-171 4.871769184663719e-157 2.7496098057082414e-185
n=31   1.9187520494149933e-185 5.106877217996844e-171 1.8006767344868513e-200
n=32   3.6272969267003854e-201 3.862474805760638e-186 8.50828383543492e-217
n=33   2.530602175500169e-217 1.078083553190033e-201 1.4836269154278056e-233
n=34   1.5649394370809513e-232 2.6673012629899425e-216 2.2931915166030583e-249
n=35   3.3620439426652845e-249 2.2925769040752268e-232 1.2313687898005537e-266
n=36   6.035865475764782e-267 1.6466680962708513e-249 5.525432440126995e-285
n=37   6.381931173377533e-287 6.96569777411158e-269 1.4117001354007042e-305
n=38   7.969688946216702e-304 3.4781469605230485e-285 0.0
n=39   0.0 1.9199121841449577e-303 0.0
Total rate 116585.51608187697, 25490.093676362845 481857.46655263467 Hz
Transition S0b to T0 with couplings [0. 0.]
n=0   0.0 0.0 0.0
n=1   0.0 0.0 0.0
n=2   0.0 0.0 0.0
n=3   0.0 0.0 0.0
n=4   0.0 0.0 0.0
n=5   0.0 0.0 0.0
n=6   0.0 0.0 0.0
n=7   0.0 0.0 0.0
n=8   0.0 0.0 0.0
n=9   0.0 0.0 0.0
n=10   0.0 0.0 0.0
n=11   0.0 0.0 0.0
n=12   0.0 0.0 0.0
n=13   0.0 0.0 0.0
n=14   0.0 0.0 0.0
n=15   0.0 0.0 0.0
n=16   0.0 0.0 0.0
n=17   0.0 0.0 0.0
n=18   0.0 0.0 0.0
n=19   0.0 0.0 0.0
n=20   0.0 0.0 0.0
n=21   0.0 0.0 0.0
n=22   0.0 0.0 0.0
n=23   0.0 0.0 0.0
n=24   0.0 0.0 0.0
n=25   0.0 0.0 0.0
n=26   0.0 0.0 0.0
n=27   0.0 0.0 0.0
n=28   0.0 0.0 0.0
n=29   0.0 0.0 0.0
n=30   0.0 0.0 0.0
n=31   0.0 0.0 0.0
n=32   0.0 0.0 0.0
n=33   0.0 0.0 0.0
n=34   0.0 0.0 0.0
n=35   0.0 0.0 0.0
n=36   0.0 0.0 0.0
n=37   0.0 0.0 0.0
n=38   0.0 0.0 0.0
n=39   0.0 0.0 0.0
Total rate 0.0, 0.0 0.0 Hz
