Transition T1a to S1 with couplings [7.74576375e-08 1.50358943e-07]
n=0   0.3108353829608022 0.0003565075161795877 67.74745479809975
n=1   135.44839584370268 0.6215242795134001 7378.674716617739
n=2   5626.078310323881 103.28470125476524 76604.13925866292
n=3   26652.84670498737 1957.5813470083722 90705.16769424439
n=4   12125.729498800707 3563.1170091799136 10314.26463079161
n=5   78.67336634774081 92.49024590306064 16.72630811047788
n=6   43.65969122194263 205.3500686388886 2.3200373883896583
n=7   0.8651392772004434 16.27969311201893 0.01149058972195262
n=8   0.00024365998558686737 0.0183438457776037 8.088769651203263e-07
n=9   6.35020877142371e-07 0.00019126705535323676 5.269000286501787e-10
n=10   2.0347640100560078e-10 2.451953374748065e-07 4.2198423951805886e-14
n=11   2.3341632754108543e-16 1.125318306239652e-12 1.2099164468648772e-20
n=12   5.984445734173754e-20 1.1542877248198523e-15 7.75336173672546e-25
n=13   1.4793003475561547e-25 1.1415435780374724e-20 4.790319026853329e-31
n=14   5.3378002543903106e-33 1.6479515751437722e-27 4.320284642475392e-39
n=15   2.0008857778345945e-38 2.471441966854141e-32 4.047755816069938e-45
n=16   2.0064164950629236e-46 9.915056680156965e-40 1.0145070343432248e-53
n=17   3.2414847919925325e-54 6.40861367176161e-47 4.096565718932464e-62
n=18   1.6506300091524758e-62 1.3056171074712517e-54 5.213959332294265e-71
n=19   1.959111566012171e-74 6.19970829751565e-66 1.5467461241651858e-83
n=20   1.6107378538111517e-81 2.0393085706195683e-72 3.178532803891312e-91
n=21   1.9198281138587136e-92 9.724480693262818e-83 9.469044223987012e-103
n=22   2.8221184929001117e-103 5.719068624570692e-93 3.479052698706981e-114
n=23   1.498628325067484e-114 1.2150383673095557e-103 4.6176569361441276e-126
n=24   3.5096654391885756e-129 1.1384337597679163e-117 2.702933815010877e-141
n=25   5.544389104813188e-140 7.195181280867522e-128 1.0672480225969043e-152
n=26   3.236099085963678e-155 1.6801801193442753e-142 1.5569527506478471e-168
n=27   5.6645463386091374e-167 1.1766441952557858e-153 6.811781693811148e-181
n=28   1.253852480754593e-182 1.0420113709472213e-168 3.7686342928631077e-197
n=29   2.620954607287149e-195 8.714279915534736e-181 1.9689696253288986e-210
n=30   3.004984681771861e-210 3.997240334118359e-195 5.642398358226163e-226
n=31   3.774733432918806e-226 2.0088628071350266e-210 1.7715349900102066e-242
n=32   3.766485105179804e-243 8.019480518136657e-227 4.4181623064482896e-260
n=33   1.0144337196570015e-260 8.641311304820199e-244 2.9742060548651356e-278
n=34   3.7211225844450624e-277 1.2681655268061986e-259 2.72686299797601e-295
n=35   4.591202438763573e-295 6.260000970599524e-277 0.0
n=36   0.0 2.5829001940720076e-295 0.0
n=37   0.0 0.0 0.0
n=38   0.0 0.0 0.0
n=39   0.0 0.0 0.0
Total rate 44663.612186480714, 5938.743481242079 185089.05159201278 Hz
Transition T1a to S1 with couplings [0. 0.]
n=0   0.0 0.0 0.0
n=1   0.0 0.0 0.0
n=2   0.0 0.0 0.0
n=3   0.0 0.0 0.0
n=4   0.0 0.0 0.0
n=5   0.0 0.0 0.0
n=6   0.0 0.0 0.0
n=7   0.0 0.0 0.0
n=8   0.0 0.0 0.0
n=9   0.0 0.0 0.0
n=10   0.0 0.0 0.0
n=11   0.0 0.0 0.0
n=12   0.0 0.0 0.0
n=13   0.0 0.0 0.0
n=14   0.0 0.0 0.0
n=15   0.0 0.0 0.0
n=16   0.0 0.0 0.0
n=17   0.0 0.0 0.0
n=18   0.0 0.0 0.0
n=19   0.0 0.0 0.0
n=20   0.0 0.0 0.0
n=21   0.0 0.0 0.0
n=22   0.0 0.0 0.0
n=23   0.0 0.0 0.0
n=24   0.0 0.0 0.0
n=25   0.0 0.0 0.0
n=26   0.0 0.0 0.0
n=27   0.0 0.0 0.0
n=28   0.0 0.0 0.0
n=29   0.0 0.0 0.0
n=30   0.0 0.0 0.0
n=31   0.0 0.0 0.0
n=32   0.0 0.0 0.0
n=33   0.0 0.0 0.0
n=34   0.0 0.0 0.0
n=35   0.0 0.0 0.0
n=36   0.0 0.0 0.0
n=37   0.0 0.0 0.0
n=38   0.0 0.0 0.0
n=39   0.0 0.0 0.0
Total rate 0.0, 0.0 0.0 Hz
Transition T1b to S1 with couplings [6.83449743e-08 1.50358943e-07]
n=0   0.11782924232686164 0.0001143286692759707 30.35660849584999
n=1   65.44428911369543 0.25405035726465436 4214.18778608012
n=2   3729.543493500021 57.92282346977951 60026.05068795575
n=3   28498.21634503229 1770.7519077598456 114641.99589664936
n=4   31327.09140167697 7787.644272179504 31498.37132517743
n=5   4764.806728212285 4738.897469424872 1197.4441827468097
n=6   78.61721731602697 312.82084352450903 4.938210764778972
n=7   0.01994657260974759 0.31753550246078266 0.00031315705576674945
n=8   0.0005093028055768503 0.03243740232262931 1.998535893289957e-06
n=9   5.254293687791688e-07 0.0001338845103852018 5.153380298395974e-10
n=10   1.79439525343581e-11 1.829279613843839e-08 4.398837568928094e-15
n=11   1.9532809849671146e-16 7.966594220437637e-13 1.1968135595181051e-20
n=12   9.413195752333547e-21 1.5359994376588005e-16 1.4415869220948767e-25
n=13   7.13946169454335e-27 4.660853219541699e-22 2.7328209374169425e-32
n=14   7.269317536313825e-34 1.8986267279774643e-28 6.954746641733334e-40
n=15   6.93284602076335e-40 7.244417931429934e-34 1.6578345755015788e-46
n=16   6.67582054355958e-48 2.790889153649422e-41 3.9900308811568205e-55
n=17   2.21606782849993e-56 3.706525353102789e-49 3.3105230585746177e-64
n=18   1.422612709218844e-64 9.519554011666754e-57 5.3118061494820725e-73
n=19   8.497900098082656e-75 2.2750321123443421e-66 7.930656126265381e-84
n=20   1.2088626369371976e-82 1.2947885692254246e-73 2.8197877387468856e-92
n=21   4.0696816382694324e-92 1.7439271160749833e-82 2.3726947243297757e-102
n=22   3.3428637619273075e-102 5.731028432316819e-92 4.871268522346293e-113
n=23   6.704750270287359e-113 4.598778413201977e-102 2.4420129585755918e-124
n=24   2.8644609744728912e-124 7.860474793037531e-113 2.607655600147902e-136
n=25   2.4338459478305792e-136 2.672052256433368e-124 5.537865113139958e-149
n=26   3.7658977715440297e-149 1.6541175898632968e-136 2.1417056335933426e-162
n=27   8.260173257367512e-163 1.451553348900395e-149 1.1741467333780721e-176
n=28   5.363014223047772e-178 3.770498618316729e-164 1.9053910946104195e-192
n=29   1.406041682258429e-191 3.954886503664734e-177 1.2485770353771187e-206
n=30   5.114149736042451e-206 5.755131622102744e-191 1.1350958913256755e-221
n=31   1.5694883192904946e-221 7.06619960017279e-206 8.7068119564391e-238
n=32   5.7234633744244104e-238 1.0309383918845325e-221 7.936005315875395e-255
n=33   1.41140983020741e-255 1.0171217345751435e-238 4.891455927428962e-273
n=34   2.3517171753117507e-273 6.780330751524679e-256 2.037098658755744e-291
n=35   1.7514575437420923e-290 2.020279211111947e-272 0.0
n=36   0.0 2.5108983698653648e-290 0.0
n=37   0.0 0.0 0.0
n=38   0.0 0.0 0.0
n=39   0.0 0.0 0.0
Total rate 68463.85776049446, 14668.641587852031 211613.34501302624 Hz
Transition T1b to S1 with couplings [3.3716854e-07 0.0000000e+00]
n=0   0.20550200157943693 0.00019939677036155679 52.9439355109759
n=1   2.2838901797784215 0.008865909065310958 147.06771562068045
n=2   1622.7127031001353 25.20203923285801 26117.14681382301
n=3   51061.20594137104 3172.7153285143145 205407.89259005795
n=4   116760.5735687957 29025.669836707224 117398.9584686994
n=5   30299.280827302835 30134.524531233375 7614.516104765137
n=6   875.1370853697973 3482.2031431676105 54.970291790643415
n=7   1.4629754610628039 23.28954739268619 0.022968411516550158
n=8   0.0014831496946230687 0.09446153216195836 5.819971669837924e-06
n=9   4.702501808798548e-06 0.0011982431696183485 4.61218607382775e-09
n=10   3.624498529926024e-10 3.694961440911892e-07 8.885210920746332e-14
n=11   5.4473175260824097e-17 2.2217268613254528e-13 3.3376782594982397e-21
n=12   8.298291547404187e-20 1.3540747994305557e-15 1.2708445553682188e-24
n=13   1.3512405653006275e-25 8.821300832764816e-21 5.1722366003629775e-31
n=14   9.637829136649959e-35 2.5172431809606408e-29 9.220763776912313e-41
n=15   6.826818460657915e-39 7.133625342736467e-33 1.6324804634136392e-45
n=16   1.4468648922959082e-46 6.048753869815212e-40 8.647679432742961e-54
n=17   4.249358018318246e-56 7.107342576228235e-49 6.347999606719592e-64
n=18   1.8103627128508666e-63 1.2114221610711233e-55 6.759602053741375e-72
n=19   7.897424375643155e-75 2.114274568072756e-66 7.370262804165379e-84
n=20   8.427723588012014e-82 9.026766013710739e-73 1.9658471453162125e-91
n=21   3.108933524449895e-91 1.3322303701545197e-81 1.81256197103688e-101
n=22   2.443536824615672e-101 4.189216197435359e-91 3.5607565442875443e-112
n=23   4.837923179898315e-112 3.31832443976952e-101 1.7620747412861617e-123
n=24   2.067956676142688e-123 5.674757474712843e-112 1.8825597051113727e-135
n=25   1.7608349530187795e-135 1.933172070160988e-123 4.00652574786501e-148
n=26   2.7398169098982505e-148 1.2034260138212604e-135 1.5581626658276325e-161
n=27   6.04063639735699e-162 1.0615159899040158e-148 8.586494825826183e-176
n=28   4.131468148004366e-177 2.904652923858427e-163 1.4678429497806685e-191
n=29   9.872988827874334e-191 2.777054959243818e-176 8.767298492330918e-206
n=30   3.665154322821731e-205 4.1245263889126807e-190 8.134884247892406e-221
n=31   1.1310066349026684e-220 5.092053590405086e-205 6.274313717756221e-237
n=32   4.1451495015069576e-237 7.466447291862533e-221 5.747556387982598e-254
n=33   1.0477431541822862e-254 7.550481168283449e-238 3.63111362289076e-272
n=34   1.6224128163585713e-272 4.677643904593045e-255 1.4053624333946753e-290
n=35   1.2482716490873486e-289 1.4398620574515905e-271 0.0
n=36   0.0 1.8020727019663706e-289 0.0
n=37   0.0 0.0 0.0
n=38   0.0 0.0 0.0
n=39   0.0 0.0 0.0
Total rate 200622.86398143446, 65863.70915169876 356793.5188945039 Hz
Transition S0a to T0 with couplings [8.56590344e-07 9.20378987e-07]
n=0   8.702966609133956e-12 8.8328628483532e-17 2.1437541876070342e-07
n=1   1.74677189596275e-07 7.092777847681693e-12 0.0010754391176016616
n=2   0.0004909691181631646 7.975911557314568e-08 0.7555196675316522
n=3   0.2532156682697204 0.0001645745668020728 97.39219149536338
n=4   26.633853862328507 0.0692551620654478 2560.4101528229457
n=5   603.8981327782541 6.2824322833165684 14510.459984406221
n=6   3052.8707393011373 127.06283401258504 18334.449489342358
n=7   3518.7727848675972 585.9321624416984 5281.93007251804
n=8   939.4710924971627 625.8720054982414 352.4737745174366
n=9   58.78456456318768 156.67922064412906 5.512500709139361
n=10   0.8697886489764949 9.274869861811858 0.020386424040912808
n=11   0.0030646388677576545 0.13074328303930505 1.795347775344029e-05
n=12   2.5856310097650266e-06 0.00044131899494604266 3.785975464987852e-09
n=13   5.244948614403928e-10 3.581568835157451e-07 1.9195279939162714e-13
n=14   2.5603442106864328e-14 6.994817889146804e-11 2.3420358186989733e-18
n=15   2.9742441653271136e-19 3.2508779653439683e-15 6.800075906273768e-24
n=16   7.6689610620722465e-25 3.353563801283031e-20 4.3824365795667586e-30
n=17   2.8946203617428356e-31 5.064162641815621e-26 4.13440183639782e-37
n=18   1.82002583323713e-38 1.2739124342775894e-32 6.497414740943103e-45
n=19   1.1068866463770998e-43 3.0996393405342984e-37 9.876615572603296e-51
n=20   2.4134907225608256e-50 2.7039561343480157e-43 5.3826061171269865e-58
n=21   9.174186500127642e-58 4.112136899954628e-50 5.113950221810393e-66
n=22   7.087257618507687e-66 1.2709375507400663e-57 9.87436362580217e-75
n=23   1.1224835763681391e-74 8.053264796893727e-66 3.9088846703432677e-84
n=24   3.4937693574172884e-84 1.0028412909521986e-74 3.040948449765987e-94
n=25   1.9329732048250714e-94 2.2197793223356703e-84 4.2051609740903655e-105
n=26   1.4115151395676272e-105 6.485082424736797e-95 7.675104495539828e-117
n=27   9.14683833145484e-119 1.6813067426310144e-107 1.2431161951229796e-130
n=28   5.69575713657751e-129 4.188643575366933e-117 1.93479140409335e-141
n=29   6.066250447284717e-141 1.784794716947491e-128 5.15044777125288e-154
n=30   6.032925926543396e-154 7.101366389605896e-141 1.2802494828745277e-167
n=31   6.631308560307084e-168 3.122907751817326e-154 3.517287085791878e-182
n=32   2.332982241976597e-183 4.395591695794921e-169 3.0928722287156344e-198
n=33   1.3800755699251054e-197 1.0402908321197848e-182 4.5729386915104934e-213
n=34   1.7544359132659333e-212 5.290971275398876e-197 1.4530213127573984e-228
n=35   1.4801246005765573e-228 1.7858384275385887e-212 3.0639009241037704e-245
n=36   8.734160992015907e-246 4.216101635070201e-229 4.5189714586538434e-263
n=37   4.772758406117839e-264 9.217333937994985e-247 6.172055487298929e-282
n=38   1.1699434179883106e-280 9.039548123318442e-263 3.781526927834784e-299
n=39   5.411498876379732e-299 1.672805440095563e-280 0.0
Total rate 8201.557730555742, 1511.3041295184419 41143.40516551383 Hz
Transition S0a to T0 with couplings [1.45802612e-07 0.00000000e+00]
n=0   6.476048653889581e-14 6.572707000740898e-19 1.5952096617666105e-09
n=1   9.409150287036371e-11 3.8205911645158846e-15 5.792953450567539e-07
n=2   6.051710089718496e-06 9.831148775035984e-10 0.009312573491562419
n=3   0.008647203185263425 5.6201487371956916e-06 3.3259003057481755
n=4   1.6444709896248408 0.004276065547520385 158.0890335894532
n=5   55.999721097802315 0.5825725177572958 1345.5608951616712
n=6   383.7016892096519 15.969960148904075 2304.375075310311
n=7   561.9998228131341 93.58199338385002 843.6020017070235
n=8   182.48086810379672 121.56804801902749 68.4637567578568
n=9   13.454040591704846 35.8592193390653 1.2616476596138109
n=10   0.2290618862516726 2.4425694538384657 0.005368836153740295
n=11   0.000911769940493556 0.038897827946658414 5.341393243793152e-06
n=12   8.56460189862542e-07 0.00014618178261861995 1.254060325434097e-09
n=13   1.9117203931800262e-10 1.3054385629146275e-07 6.99644759373247e-14
n=14   1.0178045499369158e-14 2.7806251377603e-11 9.310211894313856e-19
n=15   1.284743430982077e-19 1.4042371368124376e-15 2.9373354590758276e-24
n=16   3.672690736765509e-25 1.6060327609482244e-20 2.0987633266047645e-30
n=17   1.830895933392676e-31 3.203167817612095e-26 2.6150785123042272e-37
n=18   4.617916494490573e-41 3.2322734849998415e-35 1.648576528739748e-47
n=19   2.224150645066916e-44 6.228338611987777e-38 1.9845827003860805e-51
n=20   5.704720295532717e-51 6.391287645588438e-44 1.2722759641127648e-58
n=21   2.248496837484644e-58 1.007841601511289e-50 1.253375533692778e-66
n=22   1.7603533758150628e-66 3.1567911430973144e-58 2.452622760221661e-75
n=23   2.80420911629543e-75 2.0118814239099328e-66 9.765247579470222e-85
n=24   8.803250463992403e-85 2.526859147454379e-75 7.662277647076524e-95
n=25   4.92868145800603e-95 5.659977675609375e-85 1.0722289822328603e-105
n=26   3.7059403992991004e-106 1.702661790647071e-95 2.0151027092473094e-117
n=27   3.76722240300916e-119 6.92464018456363e-108 5.119905928266177e-131
n=28   1.3129687240713637e-129 9.655534600346098e-118 4.46002268050201e-142
n=29   1.464868555927541e-141 4.3098940315137057e-129 1.2437219753154906e-154
n=30   1.4877446378557604e-154 1.7512265020695498e-141 3.157148498847042e-168
n=31   1.6810839360399723e-168 7.916793506999318e-155 8.916573199078766e-183
n=32   6.731351893304393e-184 1.2682597386002315e-169 8.923861895697365e-199
n=33   3.1409898205300424e-198 2.3676550656253518e-183 1.0407802437023007e-213
n=34   4.214447241272211e-213 1.2709794143318673e-197 3.490399174319644e-229
n=35   3.6507296133496064e-229 4.4047732397213174e-213 7.557116361445348e-246
n=36   2.2462198973835907e-246 1.0842817519328052e-229 1.1621727164653485e-263
n=37   9.531341827661463e-265 1.8407292602559205e-247 1.232578010932475e-282
n=38   2.7705850092459137e-281 2.1406878431682707e-263 8.955169860100987e-300
n=39   1.320991343200532e-299 4.0834554782637615e-281 0.0
Total rate 1199.519240573548, 270.04768868942296 4724.692997824861 Hz
